[-4,-4,0]
0,0,0,0|||
[-3,-4,0]
0,0,0,0|||
[-5,-4,0]
0,0,0,0|||
[-3,-5,0]
0,0,0,0|||
[-5,-5,0]
0,0,0,0|||World/locked1.tscn
[-5,-6,0]
0,0,0,0|||
[-3,-3,0]
0,0,0,0|||
[-3,-2,0]
0,0,0,0|||
[-3,-6,0]
0,0,0,0|||
[-2,-6,0]
0,0,0,0|||
[-1,-6,0]
0,0,0,0|||
[-2,-7,0]
0,0,0,0|||
[-2,-8,0]
0,0,0,0|||
[-1,-8,0]
0,0,0,0|||
[0,-8,0]
0,0,0,0|||World/boss.tscn
[-2,-2,0]
0,0,0,0|||
[-2,-1,0]
0,0,0,0|||
[-2,-4,0]
0,0,0,0|||
[-1,-4,0]
0,0,0,0|||
[-1,-3,0]
0,0,0,0|||
[0,-3,0]
0,0,0,0|||World/grapple.tscn
[-7,-5,0]
0,0,0,0|||
[-6,-5,0]
0,0,0,0|||World/key1.tscn
[-8,-5,0]
0,0,0,0||0|World/home.tscn
[-8,-4,0]
0,0,0,0|||World/casino.tscn
[-8,-6,0]
0,0,0,0|||World/bar.tscn
[-9,-5,0]
0,0,0,0||1|World/tutorial.tscn
